{
	"BackCameraDist": [
		0.0846,
		-0.1151,
		0.0014,
		0.0063,
		0.0431
	],
	"BackCameraImageSize": [
		1280,
		720
	],
	"BackCameraMtx": [
		368.355,
		0,
		304.205,
		0,
		368.158,
		234.410,
		0,
		0,
		1
	],
	"FrontCameraDist": [
		0.0689,
		-0.0501,
		0.0130,
		0.0025,
		0.0287
	],
	"FrontCameraImageSize": [
		1280,
		720
	],
	"FrontCameraMtx": [
		772.061,
		0,
		614.467,
		0,
		580.638,
		378.459,
		0,
		0,
		1
	],
	"FrontLidarToTopLidar": [
		0.0499,
		-0.9987,
		0,
		-0.0299,
		0.0499,
		0.0024,
		-0.9987,
		-0.3699,
		0.9975,
		0.0499,
		0.0499,
		-0.5999,
		0,
		0,
		0,
		1
	],
	"PerceptionLidarToBackCamera": [
		-0.0018,
		-0.2741,
		0.9616,
		0.4424,
		-0.9991,
		-0.0387,
		-0.0129,
		-0.0606,
		0.0407,
		-0.9608,
		-0.2738,
		0.5398,
		0,
		0,
		0,
		1
	],
	"FrontCameraToPerceptionLidar": [
		-0.0018,
		-0.2741,
		0.9616,
		0.4424,
		-0.9991,
		-0.0387,
		-0.0129,
		-0.0606,
		0.0407,
		-0.9608,
		-0.2738,
		0.5398,
		0,
		0,
		0,
		1
	],
	"TopLidarToPerceptionLidar": [
		0,
		-1,
		0,
		0,
		1,
		0,
		0,
		0,
		0,
		0,
		1,
		1.2,
		0,
		0,
		0,
		1
	]
}